var_name,filepath,description
Hannah_parsed_test_file_ej,data/EJ_Paper/EJ_Test_Files,
nondisambiged_text_extracts_ejpaper,data/EJ_Paper/EJ_Test_Files,
acs_5yr_survey_2016,data/Structural_Topic_Model_Paper/raw_datafiles/ACSST5Y2016.S1501_2023-07-19T133305/ACSST5Y2016.S1501-Data.csv,
all_bergms_govnetpaper,data/Text_Gov_Network_Methods_Paper/m1_bergm_lists,
basin_515,data/Structural_Topic_Model_Paper/final-515-table.xlsx,
bea_gdp,data/Structural_Topic_Model_Paper/raw_datafiles/bea_county_gdp.csv,
bergms_govnetpaper,data/Text_Gov_Network_Methods_Paper/bergm_outputs/bergm_,
city_boundaries_govnetpaper,data/Structural_Topic_Model_Paper/spatial_files/City_Boundaries/City_Boundaries.shp,
cleaned_pdfs_for_ejpaper,data/EJ_Paper/cleaned_pdfs,
cleaned_pdfs_for_govnetpaper,data/Text_Gov_Network_Methods_Paper/cleaned_pdfs,
cleaned_pdfs_for_phrasetest,data/PhraseTest/cleaned_pdfs,
consolidate_pgs_function,Structural_Topic_Model_Paper/Code/utils/consolidate_pgs.R,
create_lang_meta_function,Structural_Topic_Model_Paper/Code/utils/create_lang_meta.R,
create_spat_meta_function,Structural_Topic_Model_Paper/Code/utils/create_spat_meta.R,
dac_svi_analysis_function,Structural_Topic_Model_Paper/Code/utils/dac_svi_analysis.R,
dac_svi_tbl,data/Structural_Topic_Model_Paper/dac_svi_tbl,
dacs_2018_files,data/Structural_Topic_Model_Paper/spatial_files/dacs_2018,
dictionary_folder,data/Multipurpose_Files,
disambiged_extracts_ejpaper,data/EJ_Paper/cleaned_extracts_withdacsandejphrases,textnet_extract objects that have been through the disambiguate function procedure for the Text_Gov_Network_Methods paper are found in data/EJ_Paper/cleaned_extracts_textgov_paper_version
disambiged_extracts_govnetpaper,data/Text_Gov_Network_Methods_Paper/cleaned_extracts,textnet_extract objects that have been through the disambiguate function procedure for the Text_Gov_Network_Methods paper
disambiged_extracts_core,data/core_data/textnet_objects/disambig,textnet_extract objects that have been through the disambiguate function procedure (core pipeline)
edgelist_w_meta,data/Verb_Analysis_Paper/edgelist_with_verb_meta,edgelist merged with verb metadata
edgelist_w_v_class,data/Verb_Analysis_Paper/edgelist_with_verb_class,
effect_table_condensed_csvs_stmpaper,data/Structural_Topic_Model_Paper/intermediate_files/eftblskinny_topic_,
effect_table_csvs_stmpaper,data/Structural_Topic_Model_Paper/intermediate_files/eftbl_topic_,
estimate_dw_effects,data/Structural_Topic_Model_Paper/intermediate_files/estimatedwEffects,
estimate_effect_dev_function,Structural_Topic_Model_Paper/Code/utils/estimateEffectDEV.R,
estimate_effects_stmpaper,data/Structural_Topic_Model_Paper/intermediate_files/estimateEffects,
estimate_other_effects_stmpaper,data/Structural_Topic_Model_Paper/intermediate_files/estimateotherEffects,
finalmodel_incompletefit_stmpaper,data/Structural_Topic_Model_Paper/mdl/gsp_partial,
finalmodelfits_stmpaper,data/Structural_Topic_Model_Paper/mdl/model_,
folder_containing_webrepair,data/Structural_Topic_Model_Paper,
full_directed_graphs_ejpaper,data/EJ_Paper/full_directed_graphs/full_directed_graph_,
full_directed_graphs_govnetpaper,data/Text_Gov_Network_Methods_Paper/full_directed_graphs/full_directed_graph_,"Full (multiplex, with isolates) directed graphs including GPEs ORGs and PEOPLE"
multiplex_directed_graphs_core,data/core_data/igraph_objects/multiplex_directed_graphs,"Multiplex directed igraph objects (one edge per SVO triple, multi-edges preserved) — written by step5_build_igraphs.R"
generate_proper_names_fn_ejpaper,EJ_Paper/Code/utils/generate_proper_names.R,
generate_proper_names_function,Text_Gov_Network_Methods_Paper/Code/utils/generate_proper_names.R,
generate_proper_names_phrasetest,Generate_Phrases_Test/Code/utils/generate_proper_names.R,
gov_units_2017,data/Structural_Topic_Model_Paper/raw_datafiles/Govt_Units_2017_Final.xlsx,
govnetpaper_figures,data/Text_Gov_Network_Methods_Paper/figures,
govsci_inputs_folder,data/Multipurpose_Files,
govscicleaning_ej_script,EJ_Paper/Code/utils/govscicleaning.R,
govscicleaning_script,Text_Gov_Network_Methods_Paper/Code/utils/govscicleaning.R,
gsp_census_overlaps,data/Structural_Topic_Model_Paper/intermediate_files/gsp_census_overlap.csv,
gsp_dac_overlaps,data/Structural_Topic_Model_Paper/intermediate_files/gsp_dac_overlap_,
gsp_docs_lang,data/Structural_Topic_Model_Paper/gsp_docs_w_lang,
gsp_docs_lean,data/Structural_Topic_Model_Paper/gsp_docs_lean,gsp doc with meta data frame that only includes the vars used in the STM paper model
gsp_docs_meta_stmpaper,data/Structural_Topic_Model_Paper/gsp_docs_w_meta,
gsp_out_files,data/Structural_Topic_Model_Paper/intermediate_files/gsp_slam_,
gsp_submitted_zip,data/Structural_Topic_Model_Paper/spatial_files/GSP_submitted.zip,
gsp_text_and_categories_stmpaper,data/Structural_Topic_Model_Paper/text_and_categories/gsp_num_id_,
gsp_web_vars_2022needs_repair,data/Structural_Topic_Model_Paper/gsp_ids.csv,
gsp_web_vars_planevolutionpaper,data/Plan_Evolution_Papers/portal_files/gsp_web_vars_,a table of gsp webscraped metadata for both versions of the plans
gsp_web_vars_repaired_ejpaper,data/EJ_Paper/gsp_web_vars_,
gsp_web_vars_repaired_stmpaper,data/Structural_Topic_Model_Paper/web_repaired_,
gsp_web_vars_stmpaper,data/Structural_Topic_Model_Paper/gsp_web_vars_,
heldout,data/Structural_Topic_Model_Paper/intermediate_files/heldout,
k_diag_allmodels_stmpaper,data/Structural_Topic_Model_Paper/intermediate_files/k_all,
k_diag_figures,data/Structural_Topic_Model_Paper/figures,
k_diag_files_stmpaper,data/Structural_Topic_Model_Paper/intermediate_files/k_diag_,
k_fitted_models_stmpaper,data/Structural_Topic_Model_Paper/intermediate_files/k_model_,
k_incomplete_modelfits_stmpaper,data/Structural_Topic_Model_Paper/intermediate_files/k_partial_,
local_predictors_script,Structural_Topic_Model_Paper/Code/utils/local_predictors.R,
max_dry_spell_2040_data,data/Structural_Topic_Model_Paper/spatial_files/cddm_year_ens32avg_rcp45_2040.tif,
network_properties_folder_govnetpaper,data/Text_Gov_Network_Methods_Paper,
nodeedge_tests_govnetpaper,data/Text_Gov_Network_Methods_Paper/test_extracts/,
nondisambiged_extracts_ejpaper,data/EJ_Paper/original_network_extracts_nondisambig/,
nondisambiged_extracts_govnetpaper,data/Text_Gov_Network_Methods_Paper/original_network_extracts_nondisambig/,
nondisambiged_extracts_phrasetest,data/PhraseTest/nondisambig_original_network_extracts/,
page_category_designation,data/Structural_Topic_Model_Paper/page_categories/gsp_docs_cat,
page_in_at_least_one_category,data/Structural_Topic_Model_Paper/page_categories/gsp_docs_cat_notnull,
page_key_script,Structural_Topic_Model_Paper/Code/utils/create_page_key.R,
page_subcategory_designation,data/Structural_Topic_Model_Paper/page_categories/gsp_docs_subcat,
parsed_files_ejpaper,data/EJ_Paper/parsed_,
parsed_files_govnetpaper,data/Text_Gov_Network_Methods_Paper/parsed/parsed_,
parsed_files_phrasetest,data/PhraseTest/parsed_,
parsed_minis_govnetpaper,data/Text_Gov_Network_Methods_Paper/prs_mini_,
parsed_test_govnetpaper,data/Text_Gov_Network_Methods_Paper/prs_test_,
pep_estimate_2019,data/Structural_Topic_Model_Paper/raw_datafiles/PEPPOP2019.PEPANNRES-2023-07-19T210103.csv,
percent_dac_filepaths,data/Structural_Topic_Model_Paper/gsp_percent_dac_,
percent_place_pop_in_dac,data/Structural_Topic_Model_Paper/spat_tbl_,
plansv1,data/Plan_Evolution_Papers/portal_files/v1_gsp_num_id_,
plansv2,data/Plan_Evolution_Papers/portal_files/v2_gsp_num_id_,
portal_downloads_stmpaper,data/Structural_Topic_Model_Paper/portal/gsp_num_id_,
portal_folder_stmpaper,data/Structural_Topic_Model_Paper/portal,
precincts_2016,data/Structural_Topic_Model_Paper/raw_datafiles/dataverse_files/2016-precinct-house.tab,
precincts_spatial_2016,data/Structural_Topic_Model_Paper/spatial_files/srprec_state_g16_v01_shp/srprec_state_g16_v01.shp,
proper_name_rawfiles,data/Multipurpose_Files,
public_water_system_data,data/Structural_Topic_Model_Paper/spatial_files/SABL_Public_220819,
read_plan_element_function,Structural_Topic_Model_Paper/Code/utils/read_plan_element.R,
stmpaper_figures,data/Structural_Topic_Model_Paper/figures,
superergm_govnetpaper,data/Supernetwork_Paper/superergm,
supernetwork_figures,data/Supernetwork_Paper/figures,
supernetwork_full_govnetpaper,data/Text_Gov_Network_Methods_Paper/supernetwork_full,The supernetwork generated from the full directed graphs from the govnet paper including orgs gpes and people
supernetwork_weighted_govnetpaper,data/Text_Gov_Network_Methods_Paper/supernetwork_weighted,
svi_census_tracts_2018,data/Structural_Topic_Model_Paper/spatial_files/SVI_shapefiles_CA_censustracts/SVI2018_CALIFORNIA_tract.shp,
svi_figures,data/Structural_Topic_Model_Paper/figures,
svi_filepaths,data/Structural_Topic_Model_Paper/gsp_svi_,
symbolic_link,Kings_Large_Files/data,
topic_corr_files,data/Structural_Topic_Model_Paper/topic_networks/topic_network_,
topic_prevalence,data/Structural_Topic_Model_Paper/topic_prevalence,
topic_topic_corr_plot_function,Structural_Topic_Model_Paper/Code/utils/top_top_corr_plots.R,
topics_of_interest_stmpaper,data/Structural_Topic_Model_Paper/intermediate_files/topics_of_interest,
verbtype_dummies_for_edgelist,data/Verb_Analysis_Paper/verb_type_dummies_for_edgelist,
visualize_topics_grouped_function,Structural_Topic_Model_Paper/Code/utils/visualize_topics_grouped.R,
web_data_repair_script,Structural_Topic_Model_Paper/Code/utils/web_data_repair.R,
weighted_nets_ejpaper,data/EJ_Paper/weighted_graphs/to_weighted_graph_,
network_properties_folder_verbnetpaper,data/Verb_Analysis_Paper,
weighted_nets_govnetpaper,data/Text_Gov_Network_Methods_Paper/weighted_directed_graphs/to_weighted_graph_,
uniplex_weighted_graphs_core,data/core_data/igraph_objects/uniplex_weighted_graphs,"Uniplex weighted igraph objects (multiplex collapsed via igraph::simplify, weight = count of merged edges) — written by step5_build_igraphs.R"
govsci_tbl_clean,data/Multipurpose_Files/govsci_tbl_clean,
vector_of_GSAs,data/Multipurpose_Files/vector_of_GSAs.RDS,
psj_govnetpaper_figures,data/Text_Gov_Network_Methods_Paper/figures,
gsp_local,data/Structural_Topic_Model_Paper/gsplocal,
max_dry_spell_2012_data,data/Structural_Topic_Model_Paper/spatial_files/cddm_year_ens32avg_rcp45_2012.tif,
huc8s,data/Structural_Topic_Model_Paper/spatial_files/HUC8_CA_Simplified/HUC8_CA_Simplified.shp,
dsci_2012_through_2016,data/Structural_Topic_Model_Paper/spatial_files/DroughtMonitor_PercentAreainDrought_by_HUC.csv,
drywells,data/Structural_Topic_Model_Paper/spatial_files/householdwatersupplyshortagereportingsystemdata.csv,
estimate_unitopic_effects,data/Structural_Topic_Model_Paper/intermediate_files/estimatedUnitopicEffects,
gsp_planwise_metadata_csv,data/Structural_Topic_Model_Paper/gsp_ids_with_metadata.csv,
nondisambiged_unfiltered_extracts_superpaper,data/Supernetwork_Paper/nondisambig_original_unfiltered_network_extracts/,
cleaned_pdfs_for_superpaper,data/Supernetwork_Paper/cleaned_pdfs,
disambiged_unfiltered_extracts_superpaper,data/Supernetwork_Paper/cleaned_unfiltered_extracts,
full_directed_unfiltered_graphs_superpaper,data/Supernetwork_Paper/full_directed_unfiltered_graphs/full_directed_graph_,
weighted_unfiltered_nets_superpaper,data/Supernetwork_Paper/weighted_directed_unfiltered_graphs/to_weighted_graph_,
gsp_planwise_metadata_rds,data/Structural_Topic_Model_Paper/gsp_ids_with_metadata.RDS,
planwise_acronyms,data/Multipurpose_Files/planwise_acronyms,
sessioninfo_superpaper,Data/Supernetwork_Paper/sessionInfo,
supernetwork_unfiltered_full_superpaper,data/Supernetwork_Paper/unfiltered_supernetwork_full,Post-redisambiguation
supernetwork_unfiltered_weighted_superpaper,data/Supernetwork_Paper/unfiltered_supernetwork_weighted,Post-redisambiguation
supernetwork_filtered_full_superpaper,data/Supernetwork_Paper/filtered_supernetwork_full,Post-redisambiguation
supernetwork_filtered_weighted_superpaper,data/Supernetwork_Paper/filtered_supernetwork_weighted,Post-redisambiguation
nondisambiged_filtered_extracts_superpaper,data/Supernetwork_Paper/nondisambig_filtered_network_extracts/,
parsed_files_filtered_superpaper,data/Supernetwork_Paper/parsed_filtered_all,
disambiged_filtered_extracts_superpaper,data/Supernetwork_Paper/cleaned_filtered_extracts,
verb_examples_verbpaper,data/Verb_Analysis_Paper/verb_examples,
node_org_tags, /Multpurpose_Files/Dictionaries/googlesheets_dt_complete.csv,
disambiged_unfiltered_extracts_instrumentpaper,data/Supernetwork_Paper/cleaned_unfiltered_extracts,
bruno_data,Policy_Instruments_Paper/Data/policy_instruments_bruno.csv,
bruno_folder,data/Policy_Instruments_Paper/Bruno_Data_Raw,
core_data_source_pdfs,data/core_data/source_pdfs,"Master copy of original GSP PDFs (read by step1)"
core_data_source_elements,data/core_data/source_elements,"Per-doc Elements Guide xlsx files paralleling source_pdfs. One xlsx per plan PDF, named gsp_doc_id_<plan_doc_id>_elements.xlsx (the *plan*'s docId so the elements file is trivially associable with its plan). The source URL may be either /portal/service/gspdocument/download/<elements_doc_id> or the dynamic /portal/service/gsp/exportdata?gspId=N — the manifest's elements_url column carries the actual URL."
plan_txts_raw_core,data/core_data/plan_txts_raw,"Per-GSP TSVs (page<TAB>text) produced by step1_pdf_reader_cleaner.R"
plan_txts_raw_pages_core,data/core_data/plan_txts_raw_pages,"Per-GSP RDS of the raw pdftools::pdf_text() output (character vector, one element per page, newlines and multi-space gaps PRESERVED). Written by step1 alongside the cleaned TSV; consumed by step4's find_acronyms(table_text=) path so the acronym-table front-matter pages parse correctly."
plan_txts_clean_core,data/core_data/plan_txts_clean,"Per-GSP parquet files with non-prose pages blanked by step2 density heuristics"
core_data_parsed_plans,data/core_data/parsed_plans/parsed_,"spaCy parsed output prefix (step3). parse_text_trf writes parsed_<gsp_id>.parquet at this prefix (auto-appends .parquet via duckdb)."
core_data_textnet_objects,data/core_data/textnet_objects,"Root folder for textnet_extract RDS objects (nondisambig, disambig). Each is a list with $edgelist + $nodelist."
core_data_igraph_objects,data/core_data/igraph_objects,"Root folder for igraph network objects (multiplex_directed_graphs/, uniplex_weighted_graphs/) built by step5_build_igraphs.R"
audit_csv_core,data/core_data/pipeline_audit.csv,"Cross-stage retention audit CSV written by step_audit_pipeline.R"
pipeline_run_logs,core_code/logs,"Timestamped run logs from core_code/run_pipeline.sh (one file per pipeline invocation)"
nondisambiged_extracts_core,data/core_data/textnet_objects/nondisambig/,"Per-GSP textnet_extract RDS objects from step3 (parse_text_trf + entity ruler). Lists with $edgelist + $nodelist."
water_entity_dictionary,core_code/dicts/water_entity_dictionary.csv,"Curated CA water-entity dictionary (state/federal/water districts/tribes/NGOs)"
water_infrastructure_dictionary,core_code/dicts/water_infrastructure_dictionary.csv,"Curated CA water-infrastructure dictionary (dams/canals/aqueducts/plants)"
water_bodies_dictionary,core_code/dicts/water_bodies_dictionary.csv,"Curated CA water-bodies dictionary (rivers/lakes/basins/aquifers)"
water_gsa_dictionary,core_code/dicts/water_gsa_dictionary.csv,"Curated CA GSA dictionary (GSAs + irrigation/water storage districts not in water_entity)"
ca_utilities_dictionary,core_code/dicts/ca_utilities_dictionary.csv,"Curated CA water and electric utilities (IOUs, POUs, JPAs, hydro-operating irrigation districts). Built by build_ca_utilities_dictionary.ipynb. Deduped against water_entity/water_gsa/water_infrastructure/water_bodies."
consultant_dictionary,core_code/dicts/consultant_dictionary.csv,"Curated environmental/water-resources consulting firms (GSP authors, water-rights & CEQA/NEPA consultants). Single flat entity_type=consulting_firm. Aggregated from public consultant rosters (CA SWRCB water-rights list, SLO County, City of LA; optional ehsmatch.com). Built by build_consultant_dictionary.ipynb."
gsa_table_core,core_code/dicts/_legacy/GSA_Table_20230824.RDS,"DEPRECATED — stale Aug-2023 snapshot, retired to dicts/_legacy/. step4 used to read this for agency_nicknames; now uses sgma_gsa_full_core (live portal scrape) instead. Kept on disk only as historical reference."
sgma_gsa_full_core,data/core_data/metadata/sgma_gsa_full.csv,"Canonical per-GSA metadata table built by core_code/metadata_generators/scrape_gsa_orgmembers.ipynb (merges DWR i03 Open Data CSV with the SGMA Portal print-page section-C scrape). Keyed on GSA_ID (int). Columns: GSA_ID, GSA_Name, Loc_GSA_ID, Basin_Name, Posted_DT, GSA_URL, POC_Name, POC_Email, POC_Phone, Date_90_Days, Exclusive, Overlap, COMMENTS, Basin_Number, Basin_Subbasin_Number, Basin_Subbasin_Name, n_basin_rows, formation_type (SINGLE/MULTIPLE), member_entities (pipe-separated for MULTIPLE), section_c_contact_name, section_found. Used by step4 to build per-GSP agency_nicknames via the manifest's gsa_ids column."
sgma_basin_full_core,data/core_data/metadata/sgma_basin_full.csv,"Canonical per-BASIN metadata table (the basin level, alongside per-GSA sgma_gsa_full_core and per-plan gsp_page_sections_core). Built by core_code/metadata_generators/build_basin_metadata.R from DWR's live i08 B118 SGMA 2019 Basin Prioritization layer (gis.water.ca.gov). Keyed on Basin_Subbasin_Number (Bulletin 118 subbasin id, e.g. 5-022.14). Columns: Basin_Number, Basin_Subbasin_Number, Basin_Name, Basin_Subbasin_Name, Region_Office, Area_Acres, Area_SqMiles, Priority (raw DWR: Very Low/Low/Medium/High), priority_category (low_or_verylow/med/high, matching the papers' convention). 515 rows. Join key: sgma_gsa_full has Basin_Subbasin_Number; the NIP id_crosswalk basin string is '<subbasin_number> <SUBBASIN NAME>' whose leading token is this key."
gov_entities_dict_core,core_code/dicts/gov_entities_dict.csv,"Government-entity Agency<->Abbr dictionary (federal + California + local). Built by core_code/dicts/build_gov_entities_dict.ipynb. Used by step4 to build the govscitbl_mini alias map. Columns: State, Agency, Abbr."
gsp_boundaries_core_dir,data/core_data/spatial,"Directory holding the canonical core GSP boundary shapefile (spatial metadata). Built by core_code/metadata_generators/build_gsp_boundaries.R."
gsp_boundaries_core,data/core_data/spatial/gsp_boundaries.shp,"Canonical per-plan GSP boundary shapefile (WGS 84), keyed on GSP_ID (4-digit zero-padded character). Merged from DWR's live i03 GSP Areas layer (authoritative/current) plus 2023-archive backfill for plans the live layer no longer lists; a `src` column marks each feature 'i03' or 'archive_2023'. Built by core_code/metadata_generators/build_gsp_boundaries.R. Papers copy from (or read) this instead of hand-downloading their own vintage."
gsp_page_sections_core,data/core_data/metadata/gsp_page_sections.csv,"Per-page section table for every GSP document, keyed on (gsp_doc_id, page_num). Built by core_code/metadata_generators/build_page_sections.R by parsing each documents SGMA Elements Guide xlsx (source_elements) into 23 CCR section-354 SubArticle flags: admin, basin_plan, sust_criteria, monitoring_networks, projects_mgmt_actions, plus is_reference (section 354.4(b)) and is_comment. gsp_id (4-digit canonical) + version are carried as attributes. is_comment is carried from the legacy hand-keyed table (see page_comment_flags_legacy) and is NA where not yet available."
page_comment_flags_legacy,data/core_data/metadata/page_comment_flags_legacy.csv,"Provenance snapshot of the pre-Elements-Guide is_comment flags, re-keyed from the legacy gsp_id-keyed section table onto their physical gsp_doc_id (matched by page count). Written once by build_page_sections.R so the non-reproducible is_comment flag survives gsp_page_sections.csv being regenerated. Columns: gsp_doc_id, page_num, is_comment."
